[gd_scene load_steps=6 format=2]

[ext_resource path="res://VOX/Mini_varior.vox" type="ArrayMesh" id=1]
[ext_resource path="res://Instanse/units/Elf_archer_model.tscn" type="PackedScene" id=2]
[ext_resource path="res://Instanse/camera/ClippedCamera.tscn" type="PackedScene" id=3]
[ext_resource path="res://VOX/monu3.vox" type="ArrayMesh" id=4]

[sub_resource type="BoxShape" id=1]
extents = Vector3( 4.8552, 0.0610093, 4.83311 )

[node name="World" type="Spatial"]

[node name="Mini_varior" type="MeshInstance" parent="."]
transform = Transform( 0.304034, 0, -0.952661, 0, 1, 0, 0.952661, 0, 0.304034, 1.41898, 0.897083, 2.01793 )
mesh = ExtResource( 1 )
skeleton = NodePath("")
material/0 = null

[node name="DirectionalLight" type="DirectionalLight" parent="."]
transform = Transform( 0.855637, -0.140734, 0.498075, -0.438769, 0.313199, 0.842252, -0.27453, -0.939202, 0.206235, 5.17647, 9.41225, 9.2919 )
light_energy = 0.3
light_bake_mode = 0
shadow_enabled = true
directional_shadow_split_1 = 0.109
directional_shadow_split_2 = 0.062
directional_shadow_split_3 = 0.188
directional_shadow_blend_splits = true
directional_shadow_depth_range = 1

[node name="KinematicBody" parent="." instance=ExtResource( 2 )]
transform = Transform( -0.192573, 0, -0.981283, 0, 1, 0, 0.981283, 0, -0.192573, -0.414283, 1.28702, 2.17718 )

[node name="StaticBody" type="StaticBody" parent="."]

[node name="monu3" type="MeshInstance" parent="StaticBody"]
transform = Transform( 1.5, 0, 0, 0, 1.5, 0, 0, 0, 1.5, 0, 0, 0 )
mesh = ExtResource( 4 )
skeleton = NodePath("../..")
material/0 = null

[node name="CollisionShape" type="CollisionShape" parent="StaticBody"]
transform = Transform( 1, 0, 0, 0, 1, 0, 0, 0, 1, 0.0554771, 0.0442522, -0.0362847 )
visible = false
shape = SubResource( 1 )

[node name="ClippedCamera" parent="." instance=ExtResource( 3 )]
transform = Transform( 1, 0, 0, 0, 1, 0, 0, 0, 1, 0, 4.80592, 11.108 )
cam_up_height = 15
